data_67W
mean: [0.00423534 0.00681197 0.01025112 0.01426154 0.02135192]
std: [0.22170926 0.28257167 0.3946128  0.48931952 1.21125847]

data_67W_z15
mean: [0.00392827 0.00634693 0.00951248 0.01321839 0.01975857]
std: [0.20640903 0.27777484 0.38276206 0.4807447  1.12889713]
